# Made in Blockbench 4.9.4
mtllib astralTreeBranchLarge.mtl

o cube
v 0.3125 -0.2853128833308123 1.505407944426132
v 0.3125 0.09737054903427744 0.5815284119148454
v 0.3125 -0.8627375911503665 1.266230799197951
v 0.3125 -0.48005415878527674 0.34235126668666427
v -0.3125 0.09737054903427744 0.5815284119148454
v -0.3125 -0.2853128833308123 1.505407944426132
v -0.3125 -0.48005415878527674 0.34235126668666427
v -0.3125 -0.8627375911503665 1.266230799197951
vt 0 0.6875
vt 0.15625 0.6875
vt 0.15625 0.53125
vt 0 0.53125
vt 0 1
vt 0.25 1
vt 0.25 0.84375
vt 0 0.84375
vt 0.40625 1
vt 0.5625 1
vt 0.5625 0.84375
vt 0.40625 0.84375
vt 0 0.84375
vt 0.25 0.84375
vt 0.25 0.6875
vt 0 0.6875
vt 0.40625 0.75
vt 0.25 0.75
vt 0.25 1
vt 0.40625 1
vt 0.40625 0.75
vt 0.25 0.75
vt 0.25 0.5
vt 0.40625 0.5
vn 0 0.3826834323650897 -0.9238795325112867
vn 1 0 0
vn 0 -0.3826834323650897 0.9238795325112867
vn -1 0 0
vn 0 0.9238795325112867 0.3826834323650897
vn 0 -0.9238795325112867 -0.3826834323650897
usemtl m_f65e3264-878a-0353-ec2b-97116cc1b406
f 4/4/1 7/3/1 5/2/1 2/1/1
f 3/8/2 4/7/2 2/6/2 1/5/2
f 8/12/3 3/11/3 1/10/3 6/9/3
f 7/16/4 8/15/4 6/14/4 5/13/4
f 6/20/5 1/19/5 2/18/5 5/17/5
f 7/24/6 4/23/6 3/22/6 8/21/6
o cube
v 0.1875 -0.018114392529633316 0.5336929828692092
v 0.1875 0.3645690398354564 -0.39018654964207766
v 0.1875 -0.3645692172213658 0.39018669573230047
v 0.1875 0.01811421514372391 -0.5336928367789863
v -0.1875 0.3645690398354564 -0.39018654964207766
v -0.1875 -0.018114392529633316 0.5336929828692092
v -0.1875 0.01811421514372391 -0.5336928367789863
v -0.1875 -0.3645692172213658 0.39018669573230047
vt 0 0.53125
vt 0.09375 0.53125
vt 0.09375 0.4375
vt 0 0.4375
vt 0.40625 0.84375
vt 0.65625 0.84375
vt 0.65625 0.75
vt 0.40625 0.75
vt 0.25 0.5
vt 0.34375 0.5
vt 0.34375 0.40625
vt 0.25 0.40625
vt 0.40625 0.75
vt 0.65625 0.75
vt 0.65625 0.65625
vt 0.40625 0.65625
vt 0.25 0.4375
vt 0.15625 0.4375
vt 0.15625 0.6875
vt 0.25 0.6875
vt 0.5 0.65625
vt 0.40625 0.65625
vt 0.40625 0.40625
vt 0.5 0.40625
vn 0 0.3826834323650897 -0.9238795325112867
vn 1 0 0
vn 0 -0.3826834323650897 0.9238795325112867
vn -1 0 0
vn 0 0.9238795325112867 0.3826834323650897
vn 0 -0.9238795325112867 -0.3826834323650897
usemtl m_f65e3264-878a-0353-ec2b-97116cc1b406
f 12/28/7 15/27/7 13/26/7 10/25/7
f 11/32/8 12/31/8 10/30/8 9/29/8
f 16/36/9 11/35/9 9/34/9 14/33/9
f 15/40/10 16/39/10 14/38/10 13/37/10
f 14/44/11 9/43/11 10/42/11 13/41/11
f 15/48/12 12/47/12 11/46/12 16/45/12
o cube
v 0.0625 0.24908409827154565 -0.43802197868771386
v 0.0625 0.6078498161138173 -1.3041590404170451
v 0.0625 0.13359915670763467 -0.48585740773335007
v 0.0625 0.4923648745499063 -1.3519944694626813
v -0.0625 0.6078498161138173 -1.3041590404170451
v -0.0625 0.24908409827154565 -0.43802197868771386
v -0.0625 0.4923648745499063 -1.3519944694626813
v -0.0625 0.13359915670763467 -0.48585740773335007
vt 0.5625 0.40625
vt 0.59375 0.40625
vt 0.59375 0.375
vt 0.5625 0.375
vt 0.5 0.65625
vt 0.734375 0.65625
vt 0.734375 0.625
vt 0.5 0.625
vt 0.59375 0.4375
vt 0.625 0.4375
vt 0.625 0.40625
vt 0.59375 0.40625
vt 0.5 0.625
vt 0.734375 0.625
vt 0.734375 0.59375
vt 0.5 0.59375
vt 0.125 0.296875
vt 0.09375 0.296875
vt 0.09375 0.53125
vt 0.125 0.53125
vt 0.15625 0.53125
vt 0.125 0.53125
vt 0.125 0.296875
vt 0.15625 0.296875
vn 0 0.3826834323650897 -0.9238795325112867
vn 1 0 0
vn 0 -0.3826834323650897 0.9238795325112867
vn -1 0 0
vn 0 0.9238795325112867 0.3826834323650897
vn 0 -0.9238795325112867 -0.3826834323650897
usemtl m_f65e3264-878a-0353-ec2b-97116cc1b406
f 20/52/13 23/51/13 21/50/13 18/49/13
f 19/56/14 20/55/14 18/54/14 17/53/14
f 24/60/15 19/59/15 17/58/15 22/57/15
f 23/64/16 24/63/16 22/62/16 21/61/16
f 22/68/17 17/67/17 18/66/17 21/65/17
f 23/72/18 20/71/18 19/70/18 24/69/18
o cube
v 0.489831043396046 0.264794639386959 0.875
v 0.489831043396046 0.264794639386959 0.75
v 0.2984893272135011 -0.19714512686868435 0.875
v 0.2984893272135011 -0.19714512686868435 0.75
v 0.3743461018321351 0.3126300684325952 0.75
v 0.3743461018321351 0.3126300684325952 0.875
v 0.1830043856495902 -0.14930969782304815 0.75
v 0.1830043856495902 -0.14930969782304815 0.875
vt 0.34375 0.5
vt 0.375 0.5
vt 0.375 0.375
vt 0.34375 0.375
vt 0.375 0.5
vt 0.40625 0.5
vt 0.40625 0.375
vt 0.375 0.375
vt 0.5 0.59375
vt 0.53125 0.59375
vt 0.53125 0.46875
vt 0.5 0.46875
vt 0.53125 0.59375
vt 0.5625 0.59375
vt 0.5625 0.46875
vt 0.53125 0.46875
vt 0.625 0.375
vt 0.59375 0.375
vt 0.59375 0.40625
vt 0.625 0.40625
vt 0.28125 0.375
vt 0.25 0.375
vt 0.25 0.34375
vt 0.28125 0.34375
vn 0 0 -1
vn 0.9238795325112867 -0.3826834323650897 0
vn 0 0 1
vn -0.9238795325112867 0.3826834323650897 0
vn 0.3826834323650897 0.9238795325112867 0
vn -0.3826834323650897 -0.9238795325112867 0
usemtl m_f65e3264-878a-0353-ec2b-97116cc1b406
f 28/76/19 31/75/19 29/74/19 26/73/19
f 27/80/20 28/79/20 26/78/20 25/77/20
f 32/84/21 27/83/21 25/82/21 30/81/21
f 31/88/22 32/87/22 30/86/22 29/85/22
f 30/92/23 25/91/23 26/90/23 29/89/23
f 31/96/24 28/95/24 27/94/24 32/93/24
o cube
v -0.19147178461514014 -0.40009366442350824 0.875
v -0.19147178461514014 -0.40009366442350824 0.75
v -0.23930721366077634 -0.5155786059874191 0.875
v -0.23930721366077634 -0.5155786059874191 0.75
v -0.6534115508707834 -0.20875194824096333 0.75
v -0.6534115508707834 -0.20875194824096333 0.875
v -0.7012469799164196 -0.3242368898048742 0.75
v -0.7012469799164196 -0.3242368898048742 0.875
vt 0.5 0.46875
vt 0.625 0.46875
vt 0.625 0.4375
vt 0.5 0.4375
vt 0.28125 0.375
vt 0.3125 0.375
vt 0.3125 0.34375
vt 0.28125 0.34375
vt 0.5625 1
vt 0.6875 1
vt 0.6875 0.96875
vt 0.5625 0.96875
vt 0.3125 0.375
vt 0.34375 0.375
vt 0.34375 0.34375
vt 0.3125 0.34375
vt 0.6875 0.9375
vt 0.5625 0.9375
vt 0.5625 0.96875
vt 0.6875 0.96875
vt 0.6875 0.9375
vt 0.5625 0.9375
vt 0.5625 0.90625
vt 0.6875 0.90625
vn 0 0 -1
vn 0.9238795325112867 -0.3826834323650897 0
vn 0 0 1
vn -0.9238795325112867 0.3826834323650897 0
vn 0.3826834323650897 0.9238795325112867 0
vn -0.3826834323650897 -0.9238795325112867 0
usemtl m_f65e3264-878a-0353-ec2b-97116cc1b406
f 36/100/25 39/99/25 37/98/25 34/97/25
f 35/104/26 36/103/26 34/102/26 33/101/26
f 40/108/27 35/107/27 33/106/27 38/105/27
f 39/112/28 40/111/28 38/110/28 37/109/28
f 38/116/29 33/115/29 34/114/29 37/113/29
f 39/120/30 36/119/30 35/118/30 40/117/30
o cube
v -0.1875 0 0
v -0.09911165235168157 0 -0.08838834764831843
v -0.1875 -0.125 0
v -0.09911165235168157 -0.125 -0.08838834764831843
v -0.3200825214724776 0 -0.30935921676911454
v -0.4084708691207961 0 -0.2209708691207961
v -0.3200825214724776 -0.125 -0.30935921676911454
v -0.4084708691207961 -0.125 -0.2209708691207961
vt 0.5625 0.5
vt 0.640625 0.5
vt 0.640625 0.46875
vt 0.5625 0.46875
vt 0.34375 0.375
vt 0.375 0.375
vt 0.375 0.34375
vt 0.34375 0.34375
vt 0.25 0.40625
vt 0.328125 0.40625
vt 0.328125 0.375
vt 0.25 0.375
vt 0.375 0.375
vt 0.40625 0.375
vt 0.40625 0.34375
vt 0.375 0.34375
vt 0.484375 0.375
vt 0.40625 0.375
vt 0.40625 0.40625
vt 0.484375 0.40625
vt 0.5625 0.40625
vt 0.484375 0.40625
vt 0.484375 0.375
vt 0.5625 0.375
vn 0.7071067811865476 0 -0.7071067811865475
vn 0.7071067811865475 0 0.7071067811865476
vn -0.7071067811865476 0 0.7071067811865475
vn -0.7071067811865475 0 -0.7071067811865476
vn 0 1 0
vn 0 -1 0
usemtl m_f65e3264-878a-0353-ec2b-97116cc1b406
f 44/124/31 47/123/31 45/122/31 42/121/31
f 43/128/32 44/127/32 42/126/32 41/125/32
f 48/132/33 43/131/33 41/130/33 46/129/33
f 47/136/34 48/135/34 46/134/34 45/133/34
f 46/140/35 41/139/35 42/138/35 45/137/35
f 47/144/36 44/143/36 43/142/36 48/141/36
o cube
v 0.3939729069557937 -0.3743745956871417 0.03312226913738148
v 0.39426776813124054 -0.33409146235256837 -0.08520854775169523
v 0.28867311191410105 -0.438057475816502 0.011180438251900071
v 0.288967973089548 -0.39777434248192867 -0.10715037863717664
v 0.1921989778899399 -0.03489112892259605 0.016144126045351648
v 0.19190411671449292 -0.07517426225716933 0.1344749429344283
v 0.08689918284824727 -0.09857400905195635 -0.005797704840129758
v 0.08660432167280041 -0.13885714238652969 0.112533112048947
vt 0.5625 0.59375
vt 0.65625 0.59375
vt 0.65625 0.5625
vt 0.5625 0.5625
vt 0.40625 0.375
vt 0.4375 0.375
vt 0.4375 0.34375
vt 0.40625 0.34375
vt 0.5625 0.5625
vt 0.65625 0.5625
vt 0.65625 0.53125
vt 0.5625 0.53125
vt 0.4375 0.375
vt 0.46875 0.375
vt 0.46875 0.34375
vt 0.4375 0.34375
vt 0.65625 0.5
vt 0.5625 0.5
vt 0.5625 0.53125
vt 0.65625 0.53125
vt 0.59375 0.4375
vt 0.5 0.4375
vt 0.5 0.40625
vt 0.59375 0.40625
vn 0.0023588894035754537 0.3222650666765865 -0.9466465351126138
vn 0.5388501073101354 -0.7978675558132596 -0.27027379679212504
vn -0.0023588894035754537 -0.3222650666765865 0.9466465351126138
vn -0.5388501073101354 0.7978675558132596 0.27027379679212504
vn 0.8423983603335405 0.5094630410348826 0.17553464708385114
vn -0.8423983603335405 -0.5094630410348826 -0.17553464708385114
usemtl m_f65e3264-878a-0353-ec2b-97116cc1b406
f 52/148/37 55/147/37 53/146/37 50/145/37
f 51/152/38 52/151/38 50/150/38 49/149/38
f 56/156/39 51/155/39 49/154/39 54/153/39
f 55/160/40 56/159/40 54/158/40 53/157/40
f 54/164/41 49/163/41 50/162/41 53/161/41
f 55/168/42 52/167/42 51/166/42 56/165/42
o cube
v -0.21076381635495323 0.3703725392145506 0.4375
v -0.21076381635495323 0.3703725392145506 0.3125
v -0.043339814695226464 -0.033824756259137334 0.4375
v -0.043339814695226464 -0.033824756259137334 0.3125
v -0.3262487579188641 0.3225371101689144 0.3125
v -0.3262487579188641 0.3225371101689144 0.4375
v -0.15882475625913728 -0.08166018530477354 0.3125
v -0.15882475625913728 -0.08166018530477354 0.4375
vt 0.0625 0.4375
vt 0.09375 0.4375
vt 0.09375 0.328125
vt 0.0625 0.328125
vt 0.15625 0.4375
vt 0.1875 0.4375
vt 0.1875 0.328125
vt 0.15625 0.328125
vt 0.1875 0.4375
vt 0.21875 0.4375
vt 0.21875 0.328125
vt 0.1875 0.328125
vt 0.21875 0.4375
vt 0.25 0.4375
vt 0.25 0.328125
vt 0.21875 0.328125
vt 0.5 0.34375
vt 0.46875 0.34375
vt 0.46875 0.375
vt 0.5 0.375
vt 0.53125 0.375
vt 0.5 0.375
vt 0.5 0.34375
vt 0.53125 0.34375
vn 0 0 -1
vn 0.9238795325112867 0.3826834323650897 0
vn 0 0 1
vn -0.9238795325112867 -0.3826834323650897 0
vn -0.3826834323650897 0.9238795325112867 0
vn 0.3826834323650897 -0.9238795325112867 0
usemtl m_f65e3264-878a-0353-ec2b-97116cc1b406
f 60/172/43 63/171/43 61/170/43 58/169/43
f 59/176/44 60/175/44 58/174/44 57/173/44
f 64/180/45 59/179/45 57/178/45 62/177/45
f 63/184/46 64/183/46 62/182/46 61/181/46
f 62/188/47 57/187/47 58/186/47 61/185/47
f 63/192/48 60/191/48 59/190/48 64/189/48
o cube
v 0.18661146191207956 0.27729312500000003 -0.3288429130879204
v 0.3191939833845573 0.27729312500000003 -0.4614254345603981
v 0.18661146191207956 0.21479312500000003 -0.3288429130879204
v 0.3191939833845573 0.21479312500000003 -0.4614254345603981
v 0.27499980956039805 0.27729312500000003 -0.5056196083845573
v 0.14241728808792042 0.27729312500000003 -0.37303708691207965
v 0.27499980956039805 0.21479312500000003 -0.5056196083845573
v 0.14241728808792042 0.21479312500000003 -0.37303708691207965
vt 0.328125 0.40625
vt 0.34375 0.40625
vt 0.34375 0.390625
vt 0.328125 0.390625
vt 0.609375 0.375
vt 0.65625 0.375
vt 0.65625 0.359375
vt 0.609375 0.359375
vt 0.328125 0.390625
vt 0.34375 0.390625
vt 0.34375 0.375
vt 0.328125 0.375
vt 0.640625 0.5
vt 0.6875 0.5
vt 0.6875 0.484375
vt 0.640625 0.484375
vt 0.65625 0.4375
vt 0.640625 0.4375
vt 0.640625 0.484375
vt 0.65625 0.484375
vt 0.625 0.359375
vt 0.609375 0.359375
vt 0.609375 0.3125
vt 0.625 0.3125
vn 0.7071067811865476 0 -0.7071067811865475
vn 0.7071067811865475 0 0.7071067811865476
vn -0.7071067811865476 0 0.7071067811865475
vn -0.7071067811865475 0 -0.7071067811865476
vn 0 1 0
vn 0 -1 0
usemtl m_f65e3264-878a-0353-ec2b-97116cc1b406
f 68/196/49 71/195/49 69/194/49 66/193/49
f 67/200/50 68/199/50 66/198/50 65/197/50
f 72/204/51 67/203/51 65/202/51 70/201/51
f 71/208/52 72/207/52 70/206/52 69/205/52
f 70/212/53 65/211/53 66/210/53 69/209/53
f 71/216/54 68/215/54 67/214/54 72/213/54
o cube
v 0.13705562500000001 0.378439896698023 -0.06377080530652052
v 0.13705562500000001 0.3545221821752049 -0.12151327608847595
v 0.13705562500000001 0.1474700135702014 0.03190005278475194
v 0.13705562500000001 0.12355229904738319 -0.02584241799720355
v 0.07455562500000001 0.3545221821752049 -0.12151327608847595
v 0.07455562500000001 0.378439896698023 -0.06377080530652052
v 0.07455562500000001 0.12355229904738319 -0.02584241799720355
v 0.07455562500000001 0.1474700135702014 0.03190005278475194
vt 0.53125 0.375
vt 0.546875 0.375
vt 0.546875 0.3125
vt 0.53125 0.3125
vt 0.625 0.46875
vt 0.640625 0.46875
vt 0.640625 0.40625
vt 0.625 0.40625
vt 0.546875 0.375
vt 0.5625 0.375
vt 0.5625 0.3125
vt 0.546875 0.3125
vt 0.5625 0.375
vt 0.578125 0.375
vt 0.578125 0.3125
vt 0.5625 0.3125
vt 0.65625 0.421875
vt 0.640625 0.421875
vt 0.640625 0.4375
vt 0.65625 0.4375
vt 0.65625 0.421875
vt 0.640625 0.421875
vt 0.640625 0.40625
vt 0.65625 0.40625
vn 0 -0.3826834323650897 -0.9238795325112867
vn 1 0 0
vn 0 0.3826834323650897 0.9238795325112867
vn -1 0 0
vn 0 0.9238795325112867 -0.3826834323650897
vn 0 -0.9238795325112867 0.3826834323650897
usemtl m_f65e3264-878a-0353-ec2b-97116cc1b406
f 76/220/55 79/219/55 77/218/55 74/217/55
f 75/224/56 76/223/56 74/222/56 73/221/56
f 80/228/57 75/227/57 73/226/57 78/225/57
f 79/232/58 80/231/58 78/230/58 77/229/58
f 78/236/59 73/235/59 74/234/59 77/233/59
f 79/240/60 76/239/60 75/238/60 80/237/60
o cube
v -0.0025339198468151136 -0.6161370617293314 1.0335628413915026
v 0.18880779633572975 -0.6161370617293314 0.5716230751358591
v -0.0025339198468151136 -0.7411370617293314 1.0335628413915026
v 0.18880779633572975 -0.7411370617293314 0.5716230751358591
v 0.07332285477181888 -0.6161370617293314 0.5237876460902229
v -0.11801886141072593 -0.6161370617293314 0.9857274123458661
v 0.07332285477181888 -0.7411370617293314 0.5237876460902229
v -0.11801886141072593 -0.7411370617293314 0.9857274123458661
vt 0.578125 0.375
vt 0.609375 0.375
vt 0.609375 0.34375
vt 0.578125 0.34375
vt 0.5625 0.90625
vt 0.6875 0.90625
vt 0.6875 0.875
vt 0.5625 0.875
vt 0.625 0.40625
vt 0.65625 0.40625
vt 0.65625 0.375
vt 0.625 0.375
vt 0.5625 0.875
vt 0.6875 0.875
vt 0.6875 0.84375
vt 0.5625 0.84375
vt 0.03125 0.3125
vt 0 0.3125
vt 0 0.4375
vt 0.03125 0.4375
vt 0.0625 0.4375
vt 0.03125 0.4375
vt 0.03125 0.3125
vt 0.0625 0.3125
vn 0.3826834323650897 0 -0.9238795325112867
vn 0.9238795325112867 0 0.3826834323650897
vn -0.3826834323650897 0 0.9238795325112867
vn -0.9238795325112867 0 -0.3826834323650897
vn 0 1 0
vn 0 -1 0
usemtl m_f65e3264-878a-0353-ec2b-97116cc1b406
f 84/244/61 87/243/61 85/242/61 82/241/61
f 83/248/62 84/247/62 82/246/62 81/245/62
f 88/252/63 83/251/63 81/250/63 86/249/63
f 87/256/64 88/255/64 86/254/64 85/253/64
f 86/260/65 81/259/65 82/258/65 85/257/65
f 87/264/66 84/263/66 83/262/66 88/261/66